y temperature
0 0.0
0.0005 4.057140533610214
0.001 8.083564224834317
0.0015 12.049956185849728
0.002 15.929649266472465
0.0025 19.699588996078113
0.003 23.340946171478716
0.0035 26.839365025321502
0.004 30.18488591953576
0.0045000000000000005 33.371614773265655
0.005000000000000001 36.397224644689345
0.005500000000000001 39.26237133295993
0.006000000000000002 41.970090621364704
0.006500000000000002 44.52522604782361
0.007000000000000003 46.93391759120647
0.007500000000000003 49.203166163936764
0.008000000000000004 51.34047735658539
0.008500000000000004 53.35358039457764
0.009000000000000005 55.25021405479477
0.009500000000000005 57.03796948132344
0.010000000000000005 58.724179620970716
0.010500000000000006 60.315845717403796
0.011000000000000006 61.81959248709423
0.011500000000000007 63.24164494075447
0.012000000000000007 64.58782112509998
0.012500000000000008 65.86353624356022
0.013000000000000008 67.07381462996587
0.013500000000000009 68.22330688947058
0.014000000000000009 69.31631019783288
0.01450000000000001 70.35679028408545
0.01500000000000001 71.34840403551108
0.01550000000000001 72.29452197992995
0.01600000000000001 73.19825013841226
0.01650000000000001 74.06245091854322
0.01700000000000001 74.88976284816488
0.017500000000000012 75.68261904326981
0.018000000000000013 76.44326437023568
0.018500000000000013 77.17377130872643
0.019000000000000013 77.8760545526346
0.019500000000000014 78.55188440641703
0.020000000000000014 79.20289904614039
0.020500000000000015 79.83061572078078
0.021000000000000015 80.436440971524
0.021500000000000016 81.02167994624148
0.022000000000000016 81.58754488390421
0.022500000000000017 82.13516284011038
0.023000000000000017 82.6655827206231
0.023500000000000017 83.17978168519386
0.024000000000000018 83.6786709792135
0.02450000000000002 84.1631012460613
0.02500000000000002 84.63386736850786
0.02550000000000002 85.09171288325018
0.02600000000000002 85.53733400864856
0.02650000000000002 85.97138332200971
0.02700000000000002 86.39447311933637
0.02750000000000002 86.80717848732148
0.02800000000000002 87.21004011449847
0.028500000000000022 87.60356686586104
0.029000000000000022 87.9882381429021
0.029500000000000023 88.36450604889103
0.030000000000000023 88.73279737728019
0.030500000000000024 89.09351543939879
0.031000000000000024 89.44704174602231
0.03150000000000002 89.79373755600342
0.03200000000000002 90.13394530387959
0.03250000000000002 90.46798991723549
0.03300000000000002 90.79618003357155
0.03350000000000002 91.11880912551102
0.03400000000000002 91.43615654234686
0.034500000000000024 91.74848847518628
0.035000000000000024 92.05605885227799
0.035500000000000025 92.35911017050604
0.036000000000000025 92.65787426848831
0.036500000000000025 92.95257304622959
0.037000000000000026 93.24341913583794
0.037500000000000026 93.53061652741533
0.03800000000000003 93.81436115387577
0.03850000000000003 94.09484143811909
0.03900000000000003 94.3722388056996
0.03950000000000003 94.64672816586294
0.04000000000000003 94.91847836358852
0.04050000000000003 95.18765260505842
0.04100000000000003 95.45440885878273
0.04150000000000003 95.7189002344322
0.04200000000000003 95.9812753412705
0.04250000000000003 96.24167862792308
0.04300000000000003 96.50025070501812
0.04350000000000003 96.75712865176942
0.04400000000000003 97.0124463056555
0.04450000000000003 97.26633452506158
0.04500000000000003 97.518921367982
0.045500000000000033 97.77033189358472
0.046000000000000034 98.02068610273983
0.046500000000000034 98.27008756018442
0.047000000000000035 98.51856543405687
0.047500000000000035 98.76578486222719
0.048000000000000036 99.00961238408577
0.048500000000000036 99.23906263568826
0.04900000000000004 99.39987750164104
0.04950000000000004 99.22784367769565
